6 194 179 0 3 -1 -1 -1 0
176
9 1 0 620 0 620 50 670 1272005 0 0 1 0 0 0 0 0 0 0 0 0 5 0 0 0 
10 2 0 670 0 670 50 720 5002721 0 0 1 0 0 0 0 0 0 0 0 0 5 0 0 0 
9 3 50 620 50 620 100 670 1272005 0 0 1 0 0 0 0 0 0 0 0 0 5 0 0 0 
10 4 50 670 50 670 100 720 5002721 0 0 1 0 0 0 0 0 0 0 0 0 5 0 0 0 
9 5 100 620 100 620 150 670 1272005 0 0 1 0 0 0 0 0 0 0 0 0 5 0 0 0 
10 6 100 670 100 670 150 720 5002721 0 0 1 0 0 0 0 0 0 0 0 0 5 0 0 0 
9 7 150 620 150 620 200 670 1272005 0 0 1 0 0 0 0 0 0 0 0 0 5 0 0 0 
10 8 150 670 150 670 200 720 5002721 0 0 1 0 0 0 0 0 0 0 0 0 5 0 0 0 
9 9 200 620 200 620 250 670 1272005 0 0 1 0 0 0 0 0 0 0 0 0 5 0 0 0 
10 10 200 670 200 670 250 720 5002721 0 0 1 0 0 0 0 0 0 0 0 0 5 0 0 0 
9 11 250 620 250 620 300 670 1272005 0 0 1 0 0 0 0 0 0 0 0 0 5 0 0 0 
10 12 250 670 250 670 300 720 5002721 0 0 1 0 0 0 0 0 0 0 0 0 5 0 0 0 
9 13 300 620 300 620 350 670 1272005 0 0 1 0 0 0 0 0 0 0 0 0 5 0 0 0 
10 14 300 670 300 670 350 720 5002721 0 0 1 0 0 0 0 0 0 0 0 0 5 0 0 0 
9 15 350 620 350 620 400 670 1272005 0 0 1 0 0 0 0 0 0 0 0 0 5 0 0 0 
10 16 350 670 350 670 400 720 5002721 0 0 1 0 0 0 0 0 0 0 0 0 5 0 0 0 
9 17 400 620 400 620 450 670 1272005 0 0 1 0 0 0 0 0 0 0 0 0 5 0 0 0 
10 18 400 670 400 670 450 720 5002721 0 0 1 0 0 0 0 0 0 0 0 0 5 0 0 0 
9 19 450 620 450 620 500 670 1272005 0 0 1 0 0 0 0 0 0 0 0 0 5 0 0 0 
10 20 450 670 450 670 500 720 5002721 0 0 1 0 0 0 0 0 0 0 0 0 5 0 0 0 
9 21 500 620 500 620 550 670 1272005 0 0 1 0 0 0 0 0 0 0 0 0 5 0 0 0 
10 22 500 670 500 670 550 720 5002721 0 0 1 0 0 0 0 0 0 0 0 0 5 0 0 0 
9 23 550 620 550 620 600 670 1272005 0 0 1 0 0 0 0 0 0 0 0 0 5 0 0 0 
10 24 550 670 550 670 600 720 5002721 0 0 1 0 0 0 0 0 0 0 0 0 5 0 0 0 
9 25 600 570 600 570 650 620 1272005 0 0 1 0 0 0 0 0 0 0 0 0 5 0 0 0 
9 26 600 620 600 620 650 670 1272005 0 0 1 0 0 0 0 0 0 0 0 0 5 0 0 0 
10 27 600 670 600 670 650 720 5002721 0 0 1 0 0 0 0 0 0 0 0 0 5 0 0 0 
9 28 650 570 650 570 700 620 1272005 0 0 1 0 0 0 0 0 0 0 0 0 5 0 0 0 
9 29 650 620 650 620 700 670 1272005 0 0 1 0 0 0 0 0 0 0 0 0 5 0 0 0 
10 30 650 670 650 670 700 720 5002721 0 0 1 0 0 0 0 0 0 0 0 0 5 0 0 0 
9 31 700 620 700 620 750 670 1272005 0 0 1 0 0 0 0 0 0 0 0 0 5 0 0 0 
10 32 700 670 700 670 750 720 5002721 0 0 1 0 0 0 0 0 0 0 0 0 5 0 0 0 
9 33 750 620 750 620 800 670 1272005 0 0 1 0 0 0 0 0 0 0 0 0 5 0 0 0 
10 34 750 670 750 670 800 720 5002721 0 0 1 0 0 0 0 0 0 0 0 0 5 0 0 0 
9 35 800 620 800 620 850 670 1272005 0 0 1 0 0 0 0 0 0 0 0 0 5 0 0 0 
10 36 800 670 800 670 850 720 5002721 0 0 1 0 0 0 0 0 0 0 0 0 5 0 0 0 
9 37 850 620 850 620 900 670 1272005 0 0 1 0 0 0 0 0 0 0 0 0 5 0 0 0 
10 38 850 670 850 670 900 720 5002721 0 0 1 0 0 0 0 0 0 0 0 0 5 0 0 0 
9 39 900 620 900 620 950 670 1272005 0 0 1 0 0 0 0 0 0 0 0 0 5 0 0 0 
10 40 900 670 900 670 950 720 5002721 0 0 1 0 0 0 0 0 0 0 0 0 5 0 0 0 
9 41 950 620 950 620 1000 670 1272005 0 0 1 0 0 0 0 0 0 0 0 0 5 0 0 0 
10 42 950 670 950 670 1000 720 5002721 0 0 1 0 0 0 0 0 0 0 0 0 5 0 0 0 
9 43 1000 620 1000 620 1050 670 1272005 0 0 1 0 0 0 0 0 0 0 0 0 5 0 0 0 
10 44 1000 670 1000 670 1050 720 5002721 0 0 1 0 0 0 0 0 0 0 0 0 5 0 0 0 
9 45 1050 620 1050 620 1100 670 1272005 0 0 1 0 0 0 0 0 0 0 0 0 5 0 0 0 
10 46 1050 670 1050 670 1100 720 5002721 0 0 1 0 0 0 0 0 0 0 0 0 5 0 0 0 
9 47 1100 620 1100 620 1150 670 1272005 0 0 1 0 0 0 0 0 0 0 0 0 5 0 0 0 
10 48 1100 670 1100 670 1150 720 5002721 0 0 1 0 0 0 0 0 0 0 0 0 5 0 0 0 
9 49 1150 620 1150 620 1200 670 1272005 0 0 1 0 0 0 0 0 0 0 0 0 5 0 0 0 
10 50 1150 670 1150 670 1200 720 5002721 0 0 1 0 0 0 0 0 0 0 0 0 5 0 0 0 
9 51 1200 620 1200 620 1250 670 1272005 0 0 1 0 0 0 0 0 0 0 0 0 5 0 0 0 
10 52 1200 670 1200 670 1250 720 5002721 0 0 1 0 0 0 0 0 0 0 0 0 5 0 0 0 
9 53 1250 620 1250 620 1300 670 1272005 0 0 1 0 0 0 0 0 0 0 0 0 5 0 0 0 
10 54 1250 670 1250 670 1300 720 5002721 0 0 1 0 0 0 0 0 0 0 0 0 5 0 0 0 
9 55 1300 620 1300 620 1350 670 1272005 0 0 1 0 0 0 0 0 0 0 0 0 5 0 0 0 
10 56 1300 670 1300 670 1350 720 5002721 0 0 1 0 0 0 0 0 0 0 0 0 5 0 0 0 
9 57 1350 620 1350 620 1400 670 1272005 0 0 1 0 0 0 0 0 0 0 0 0 5 0 0 0 
10 58 1350 670 1350 670 1400 720 5002721 0 0 1 0 0 0 0 0 0 0 0 0 5 0 0 0 
6 59 1400 550 1400 550 1450 620 2 0 0 1 0 0 0 0 0 1 0 0 0 5 0 0 0 
9 60 1400 620 1400 620 1450 670 1272005 0 0 1 0 0 0 0 0 0 0 0 0 5 0 0 0 
10 61 1400 670 1400 670 1450 720 5002721 0 0 1 0 0 0 0 0 0 0 0 0 5 0 0 0 
6 62 1550 550 1550 550 1600 620 2 0 0 1 0 0 0 0 0 1 0 0 0 5 0 0 0 
9 63 1550 620 1550 620 1600 670 1272005 0 0 1 0 0 0 0 0 0 0 0 0 5 0 0 0 
10 64 1550 670 1550 670 1600 720 5002721 0 0 1 0 0 0 0 0 0 0 0 0 5 0 0 0 
9 65 1600 620 1600 620 1650 670 1272005 0 0 1 0 0 0 0 0 0 0 0 0 5 0 0 0 
10 66 1600 670 1600 670 1650 720 5002721 0 0 1 0 0 0 0 0 0 0 0 0 5 0 0 0 
9 67 1650 620 1650 620 1700 670 1272005 0 0 1 0 0 0 0 0 0 0 0 0 5 0 0 0 
10 68 1650 670 1650 670 1700 720 5002721 0 0 1 0 0 0 0 0 0 0 0 0 5 0 0 0 
9 69 1700 620 1700 620 1750 670 1272005 0 0 1 0 0 0 0 0 0 0 0 0 5 0 0 0 
10 70 1700 670 1700 670 1750 720 5002721 0 0 1 0 0 0 0 0 0 0 0 0 5 0 0 0 
9 71 1750 620 1750 620 1800 670 1272005 0 0 1 0 0 0 0 0 0 0 0 0 5 0 0 0 
10 72 1750 670 1750 670 1800 720 5002721 0 0 1 0 0 0 0 0 0 0 0 0 5 0 0 0 
9 73 1800 620 1800 620 1850 670 1272005 0 0 1 0 0 0 0 0 0 0 0 0 5 0 0 0 
10 74 1800 670 1800 670 1850 720 5002721 0 0 1 0 0 0 0 0 0 0 0 0 5 0 0 0 
9 75 1850 620 1850 620 1900 670 1272005 0 0 1 0 0 0 0 0 0 0 0 0 5 0 0 0 
10 76 1850 670 1850 670 1900 720 5002721 0 0 1 0 0 0 0 0 0 0 0 0 5 0 0 0 
9 77 1900 620 1900 620 1950 670 1272005 0 0 1 0 0 0 0 0 0 0 0 0 5 0 0 0 
10 78 1900 670 1900 670 1950 720 5002721 0 0 1 0 0 0 0 0 0 0 0 0 5 0 0 0 
9 79 1950 620 1950 620 2000 670 1272005 0 0 1 0 0 0 0 0 0 0 0 0 5 0 0 0 
10 80 1950 670 1950 670 2000 720 5002721 0 0 1 0 0 0 0 0 0 0 0 0 5 0 0 0 
9 81 2000 620 2000 620 2050 670 1272005 0 0 1 0 0 0 0 0 0 0 0 0 5 0 0 0 
10 82 2000 670 2000 670 2050 720 5002721 0 0 1 0 0 0 0 0 0 0 0 0 5 0 0 0 
9 83 2050 570 2050 570 2100 620 1272005 0 0 1 0 0 0 0 0 0 0 0 0 5 0 0 0 
9 84 2050 620 2050 620 2100 670 1272005 0 0 1 0 0 0 0 0 0 0 0 0 5 0 0 0 
10 85 2050 670 2050 670 2100 720 5002721 0 0 1 0 0 0 0 0 0 0 0 0 5 0 0 0 
9 86 2100 520 2100 520 2150 570 1272005 0 0 1 0 0 0 0 0 0 0 0 0 5 0 0 0 
9 87 2100 570 2100 570 2150 620 1272005 0 0 1 0 0 0 0 0 0 0 0 0 5 0 0 0 
9 88 2100 620 2100 620 2150 670 1272005 0 0 1 0 0 0 0 0 0 0 0 0 5 0 0 0 
10 89 2100 670 2100 670 2150 720 5002721 0 0 1 0 0 0 0 0 0 0 0 0 5 0 0 0 
9 90 2150 570 2150 570 2200 620 1272005 0 0 1 0 0 0 0 0 0 0 0 0 5 0 0 0 
9 91 2150 620 2150 620 2200 670 1272005 0 0 1 0 0 0 0 0 0 0 0 0 5 0 0 0 
10 92 2150 670 2150 670 2200 720 5002721 0 0 1 0 0 0 0 0 0 0 0 0 5 0 0 0 
9 93 2200 620 2200 620 2250 670 1272005 0 0 1 0 0 0 0 0 0 0 0 0 5 0 0 0 
10 94 2200 670 2200 670 2250 720 5002721 0 0 1 0 0 0 0 0 0 0 0 0 5 0 0 0 
9 95 2250 620 2250 620 2300 670 1272005 0 0 1 0 0 0 0 0 0 0 0 0 5 0 0 0 
10 96 2250 670 2250 670 2300 720 5002721 0 0 1 0 0 0 0 0 0 0 0 0 5 0 0 0 
9 97 2300 620 2300 620 2350 670 1272005 0 0 1 0 0 0 0 0 0 0 0 0 5 0 0 0 
10 98 2300 670 2300 670 2350 720 5002721 0 0 1 0 0 0 0 0 0 0 0 0 5 0 0 0 
9 99 2350 620 2350 620 2400 670 1272005 0 0 1 0 0 0 0 0 0 0 0 0 5 0 0 0 
10 100 2350 670 2350 670 2400 720 5002721 0 0 1 0 0 0 0 0 0 0 0 0 5 0 0 0 
9 101 2400 620 2400 620 2450 670 1272005 0 0 1 0 0 0 0 0 0 0 0 0 5 0 0 0 
10 102 2400 670 2400 670 2450 720 5002721 0 0 1 0 0 0 0 0 0 0 0 0 5 0 0 0 
9 103 2450 620 2450 620 2500 670 1272005 0 0 1 0 0 0 0 0 0 0 0 0 5 0 0 0 
10 104 2450 670 2450 670 2500 720 5002721 0 0 1 0 0 0 0 0 0 0 0 0 5 0 0 0 
9 105 2500 620 2500 620 2550 670 1272005 0 0 1 0 0 0 0 0 0 0 0 0 5 0 0 0 
10 106 2500 670 2500 670 2550 720 5002721 0 0 1 0 0 0 0 0 0 0 0 0 5 0 0 0 
9 107 2550 620 2550 620 2600 670 1272005 0 0 1 0 0 0 0 0 0 0 0 0 5 0 0 0 
10 108 2550 670 2550 670 2600 720 5002721 0 0 1 0 0 0 0 0 0 0 0 0 5 0 0 0 
9 109 2600 620 2600 620 2650 670 1272005 0 0 1 0 0 0 0 0 0 0 0 0 5 0 0 0 
9 110 2650 620 2650 620 2700 670 1272005 0 0 1 0 0 0 0 0 0 0 0 0 5 0 0 0 
9 111 2650 570 2650 570 2700 620 1272005 0 0 1 0 0 0 0 0 0 0 0 0 5 0 0 0 
9 112 2700 620 2700 620 2750 670 1272005 0 0 1 0 0 0 0 0 0 0 0 0 5 0 0 0 
9 113 2700 570 2700 570 2750 620 1272005 0 0 1 0 0 0 0 0 0 0 0 0 5 0 0 0 
9 114 2700 520 2700 520 2750 570 1272005 0 0 1 0 0 0 0 0 0 0 0 0 5 0 0 0 
9 115 2750 620 2750 620 2800 670 1272005 0 0 1 0 0 0 0 0 0 0 0 0 5 0 0 0 
9 116 2750 570 2750 570 2800 620 1272005 0 0 1 0 0 0 0 0 0 0 0 0 5 0 0 0 
9 117 2750 520 2750 520 2800 570 1272005 0 0 1 0 0 0 0 0 0 0 0 0 5 0 0 0 
9 118 2750 470 2750 470 2800 520 1272005 0 0 1 0 0 0 0 0 0 0 0 0 5 0 0 0 
10 119 2600 670 2600 670 2650 720 5002721 0 0 1 0 0 0 0 0 0 0 0 0 5 0 0 0 
9 120 2600 620 2600 620 2650 670 1272005 0 0 1 0 0 0 0 0 0 0 0 0 5 0 0 0 
9 121 2650 620 2650 620 2700 670 1272005 0 0 1 0 0 0 0 0 0 0 0 0 5 0 0 0 
9 122 2650 570 2650 570 2700 620 1272005 0 0 1 0 0 0 0 0 0 0 0 0 5 0 0 0 
9 123 2700 620 2700 620 2750 670 1272005 0 0 1 0 0 0 0 0 0 0 0 0 5 0 0 0 
9 124 2700 570 2700 570 2750 620 1272005 0 0 1 0 0 0 0 0 0 0 0 0 5 0 0 0 
9 125 2700 520 2700 520 2750 570 1272005 0 0 1 0 0 0 0 0 0 0 0 0 5 0 0 0 
9 126 2750 620 2750 620 2800 670 1272005 0 0 1 0 0 0 0 0 0 0 0 0 5 0 0 0 
9 127 2750 570 2750 570 2800 620 1272005 0 0 1 0 0 0 0 0 0 0 0 0 5 0 0 0 
9 128 2750 520 2750 520 2800 570 1272005 0 0 1 0 0 0 0 0 0 0 0 0 5 0 0 0 
9 129 2750 470 2750 470 2800 520 1272005 0 0 1 0 0 0 0 0 0 0 0 0 5 0 0 0 
10 130 2650 670 2650 670 2700 720 5002721 0 0 1 0 0 0 0 0 0 0 0 0 5 0 0 0 
9 131 2600 620 2600 620 2650 670 1272005 0 0 1 0 0 0 0 0 0 0 0 0 5 0 0 0 
9 132 2650 620 2650 620 2700 670 1272005 0 0 1 0 0 0 0 0 0 0 0 0 5 0 0 0 
9 133 2650 570 2650 570 2700 620 1272005 0 0 1 0 0 0 0 0 0 0 0 0 5 0 0 0 
9 134 2700 620 2700 620 2750 670 1272005 0 0 1 0 0 0 0 0 0 0 0 0 5 0 0 0 
9 135 2700 570 2700 570 2750 620 1272005 0 0 1 0 0 0 0 0 0 0 0 0 5 0 0 0 
9 136 2700 520 2700 520 2750 570 1272005 0 0 1 0 0 0 0 0 0 0 0 0 5 0 0 0 
9 137 2750 620 2750 620 2800 670 1272005 0 0 1 0 0 0 0 0 0 0 0 0 5 0 0 0 
9 138 2750 570 2750 570 2800 620 1272005 0 0 1 0 0 0 0 0 0 0 0 0 5 0 0 0 
9 139 2750 520 2750 520 2800 570 1272005 0 0 1 0 0 0 0 0 0 0 0 0 5 0 0 0 
9 140 2750 470 2750 470 2800 520 1272005 0 0 1 0 0 0 0 0 0 0 0 0 5 0 0 0 
10 141 2700 670 2700 670 2750 720 5002721 0 0 1 0 0 0 0 0 0 0 0 0 5 0 0 0 
9 142 2600 620 2600 620 2650 670 1272005 0 0 1 0 0 0 0 0 0 0 0 0 5 0 0 0 
9 143 2650 620 2650 620 2700 670 1272005 0 0 1 0 0 0 0 0 0 0 0 0 5 0 0 0 
9 144 2650 570 2650 570 2700 620 1272005 0 0 1 0 0 0 0 0 0 0 0 0 5 0 0 0 
9 145 2700 620 2700 620 2750 670 1272005 0 0 1 0 0 0 0 0 0 0 0 0 5 0 0 0 
9 146 2700 570 2700 570 2750 620 1272005 0 0 1 0 0 0 0 0 0 0 0 0 5 0 0 0 
9 147 2700 520 2700 520 2750 570 1272005 0 0 1 0 0 0 0 0 0 0 0 0 5 0 0 0 
9 148 2750 620 2750 620 2800 670 1272005 0 0 1 0 0 0 0 0 0 0 0 0 5 0 0 0 
9 149 2750 570 2750 570 2800 620 1272005 0 0 1 0 0 0 0 0 0 0 0 0 5 0 0 0 
9 150 2750 520 2750 520 2800 570 1272005 0 0 1 0 0 0 0 0 0 0 0 0 5 0 0 0 
9 151 2750 470 2750 470 2800 520 1272005 0 0 1 0 0 0 0 0 0 0 0 0 5 0 0 0 
10 152 2750 670 2750 670 2800 720 5002721 0 0 1 0 0 0 0 0 0 0 0 0 5 0 0 0 
9 153 2800 620 2800 620 2850 670 1272005 0 0 1 0 0 0 0 0 0 0 0 0 5 0 0 0 
10 154 2800 670 2800 670 2850 720 5002721 0 0 1 0 0 0 0 0 0 0 0 0 5 0 0 0 
9 155 2850 620 2850 620 2900 670 1272005 0 0 1 0 0 0 0 0 0 0 0 0 5 0 0 0 
10 156 2850 670 2850 670 2900 720 5002721 0 0 1 0 0 0 0 0 0 0 0 0 5 0 0 0 
9 157 2900 620 2900 620 2950 670 1272005 0 0 1 0 0 0 0 0 0 0 0 0 5 0 0 0 
10 158 2900 670 2900 670 2950 720 5002721 0 0 1 0 0 0 0 0 0 0 0 0 5 0 0 0 
9 159 2950 620 2950 620 3000 670 1272005 0 0 1 0 0 0 0 0 0 0 0 0 5 0 0 0 
10 160 2950 670 2950 670 3000 720 5002721 0 0 1 0 0 0 0 0 0 0 0 0 5 0 0 0 
9 161 3000 620 3000 620 3050 670 1272005 0 0 1 0 0 0 0 0 0 0 0 0 5 0 0 0 
10 162 3000 670 3000 670 3050 720 5002721 0 0 1 0 0 0 0 0 0 0 0 0 5 0 0 0 
9 163 3050 620 3050 620 3100 670 1272005 0 0 1 0 0 0 0 0 0 0 0 0 5 0 0 0 
10 164 3050 670 3050 670 3100 720 5002721 0 0 1 0 0 0 0 0 0 0 0 0 5 0 0 0 
1 165 10 544 10 524 43 620 2 1 3 0 0 0 0 0 194 1 0 0 0 5 0 0 0 
2 166 82 581 82 556 146 620 1 1 2 1 0 0 0 0 0 0 0 0 0 5 0 0 0 
2 167 264 581 264 556 328 620 1 1 2 0 0 0 0 0 0 0 0 0 0 5 0 0 0 
2 168 846 581 846 556 910 620 1 1 2 0 0 0 0 0 0 0 0 0 0 5 0 0 0 
2 169 963 581 963 556 1027 620 1 1 2 1 0 0 0 0 0 0 0 0 0 5 0 0 0 
3 170 1091 572 1091 572 1139 620 10 1 1 0 0 0 0 0 0 0 0 0 0 5 0 0 0 
3 171 1691 572 1691 572 1739 620 10 1 1 0 0 0 0 0 0 0 0 0 0 5 0 0 0 
2 172 1832 581 1832 556 1896 620 1 1 2 0 0 0 0 0 0 0 0 0 0 5 0 0 0 
3 173 2310 572 2310 572 2358 620 10 1 1 1 0 0 0 0 0 0 0 0 0 5 0 0 0 
3 174 2361 572 2361 572 2409 620 10 1 1 0 0 0 0 0 0 0 0 0 0 5 0 0 0 
2 175 2815 581 2815 556 2879 620 1 1 2 1 0 0 0 0 0 0 0 0 0 5 0 0 0 
8 176 2925 570 2925 570 3005 620 2 0 0 1 0 0 0 0 0 0 0 0 0 5 0 0 0 
3
4 177 650 545 650 545 660 565 1 0 0 0 0 0 0 0 0 1 0 0 0 5 0 0 0 
2 178 2115 490 2115 490 2135 515 1 0 0 0 0 0 0 0 0 0 0 0 0 5 0 0 0 
3 179 2710 498 2710 498 2726 515 1 0 0 0 0 0 0 0 0 0 0 0 0 5 0 0 0 
